x y t A B C (aka z y x instrinsically) 13 cut 
442.60 298.69 426.56 109.76 80.69 100.43
505.68 214.48 533.05 109.76 80.69 100.43
434.65 233.41 588.10 14.99 42.90 15.68
684.75 267.67 381.95 -101.60 79.45 -109.11
703.34 358.61 880.14 -101.52 79.45 -109.03
135.73 281.66 917.56 -101.52 79.45 -109.03
110.63 249.64 436.79 -101.63 79.40 -109.12
183.94 -278.93 393.65 -101.63 79.40 -109.12
633.19 -269.62 415.84 -101.66 79.41 -109.13
259.08 -93.93 907.25 -56.69 41.94 19.79
152.75 -240.54 948.53 -101.66 79.43 -109.12
402.37 -186.92 748.44 -101.66 79.43 -109.12
353.71 172.86 691.87 -101.66 79.43 -109.12
463.22 10.85 605.96 -12.54 45.15 -5.94
250.96 -17.39 597.60 -12.55 45.16 -5.95
250.96 209.55 597.60 -12.55 45.16 -5.95
487.81 -263.78 702.45 -33.03 40.78 -4.80
281.85 105.12 622.42 72.60 46.55 34.05
289.63 174.84 495.71 176.7 9.71 -178.54
353.71 187.52 592.06 91.24 25.03 76.01
377.28 -105.08 608.19 46.89 23.70 73.68