Points collected in virtual world
-4.640592965848160389e-01 -6.685890498623099365e-01 -4.562015462804767107e-01 1.000000000000000000e+00
-3.964637045770736390e-01 -6.695922325973365785e-01 -6.012181989984421993e-01 1.000000000000000000e+00
-4.870789450777251450e-01 -6.676645391837326970e-01 -6.434693787111109842e-01 1.000000000000000000e+00
-5.546745370854675450e-01 -6.666613564487061661e-01 -4.984527259931455512e-01 1.000000000000000000e+00
-4.628319258773096467e-01 -6.076015839580088951e-01 -4.560513340370524471e-01 1.000000000000000000e+00
-3.952363338695672468e-01 -6.086047666930355371e-01 -6.010679867550179356e-01 1.000000000000000000e+00
-4.858515743702187528e-01 -6.066770732794316556e-01 -6.433191664676867205e-01 1.000000000000000000e+00
-5.534471663779610973e-01 -6.056738905444051246e-01 -4.983025137497213430e-01 1.000000000000000000e+00
-4.340593384253213505e-01 -5.428225240431228116e-01 -5.148037944779675357e-01 1.000000000000000000e+00
-4.213851649238696817e-01 -5.430106208059403139e-01 -5.419944168625860925e-01 1.000000000000000000e+00
-5.120004054245211877e-01 -5.410829273923365434e-01 -5.842455965752548774e-01 1.000000000000000000e+00
-5.246745789259729120e-01 -5.408948306295190411e-01 -5.570549741906364316e-01 1.000000000000000000e+00
-4.303822255685684217e-01 -6.750894083679512825e-01 -5.287246476142224427e-01 1.000000000000000000e+00
-5.209974660692199278e-01 -6.731617149543474010e-01 -5.709758273268913387e-01 1.000000000000000000e+00
-4.277222516745955438e-01 -5.429165724245316182e-01 -5.283991056702768141e-01 1.000000000000000000e+00
-5.183374921752470499e-01 -5.409888790109277368e-01 -5.706502853829457100e-01 1.000000000000000000e+00
