Points collected in virtual world
-4.649540208578403777e-02 -6.675075405119772487e-01 -6.230778167145695212e-01 1.000000000000000000e+00
6.997837834149397973e-02 -6.650657053866511070e-01 -7.327495811491722133e-01 1.000000000000000000e+00
1.420939207200520166e-03 -6.645782027932196634e-01 -8.055482066895561788e-01 1.000000000000000000e+00
-1.150528412200774731e-01 -6.670200379185456940e-01 -6.958764422549535977e-01 1.000000000000000000e+00
-4.696928428898686919e-02 -6.065153697034757485e-01 -6.222231028887357240e-01 1.000000000000000000e+00
6.950449613829114137e-02 -6.040735345781497179e-01 -7.318948673233383051e-01 1.000000000000000000e+00
9.470570039976852761e-04 -6.035860319847181632e-01 -8.046934928637223816e-01 1.000000000000000000e+00
-1.155267234232803114e-01 -6.060278671100443049e-01 -6.950217284291198006e-01 1.000000000000000000e+00
-1.583211485826387099e-04 -5.403317424343974107e-01 -6.658636942157952765e-01 1.000000000000000000e+00
2.168051268153199304e-02 -5.398738983483987175e-01 -6.864271500472832743e-01 1.000000000000000000e+00
-4.687692645276146652e-02 -5.393863957549671628e-01 -7.592257755876672398e-01 1.000000000000000000e+00
-6.871576028287608440e-02 -5.398442398409658560e-01 -7.386623197561792420e-01 1.000000000000000000e+00
1.178809949210442645e-02 -6.722858528649044985e-01 -6.779977691442479193e-01 1.000000000000000000e+00
-5.676933964218902617e-02 -6.717983502714729438e-01 -7.507963946846319958e-01 1.000000000000000000e+00
1.076109576647467717e-02 -5.401028203913980086e-01 -6.761454221315392754e-01 1.000000000000000000e+00
-5.779634336781877546e-02 -5.396153177979665649e-01 -7.489440476719232409e-01 1.000000000000000000e+00
