Data received from the hololens:
-0.562438, -0.386992, 0.493558:0.000000, 0.000000, 0.000000, 1.000000X
Position and Rotation received from hololens 
Pay attention: Left handed KOS and quaternion with scalar last
-0.562438 -0.386992 0.493558
0.0 0.0 0.0 1.0
Holotracker Pose: Tracker->LH
x y z
0.0 0.0 0.0
w i j k
1.0 0.0 0.0 0.0
Homogenous matrix of Holo Tracker
1.000000000000000000e+00 0.000000000000000000e+00 0.000000000000000000e+00 0.000000000000000000e+00
0.000000000000000000e+00 1.000000000000000000e+00 0.000000000000000000e+00 0.000000000000000000e+00
0.000000000000000000e+00 0.000000000000000000e+00 1.000000000000000000e+00 0.000000000000000000e+00
0.000000000000000000e+00 0.000000000000000000e+00 0.000000000000000000e+00 1.000000000000000000e+00

Calibrationtracker Pose: Tracker->LH
x y z
0.386075496673584 -0.12557901442050934 -2.169480800628662
w i j k
0.7055144407835486 -0.027891102642194087 -0.017617799367008496 -0.7079273079806592
Homogenous matrix of Calibration Tracker
-2.942920478558486153e-03 9.998886373117051862e-01 1.463052268369790729e-02 3.860754966735839844e-01
-9.979231179098059235e-01 -3.877973982680860132e-03 6.429939392374760254e-02 -1.255790144205093384e-01
6.434897015670493214e-02 -1.441090881002886001e-02 9.978233990777327644e-01 -2.169480800628662109e+00
0.000000000000000000e+00 0.000000000000000000e+00 0.000000000000000000e+00 1.000000000000000000e+00

CalibrationObject used : 
CalibrationObject.FIRSTPROTOTYPE

Marix LH->Virtual
2.945114858448505402e-03 9.979237914085388184e-01 -6.434942036867141724e-02 -5.778615474700927734e-01
1.932099163532257080e-01 4.155995789915323257e-03 -1.148967742919921875e+00 -2.016332864761352539e+00
-9.998885989189147949e-01 3.877965034916996956e-03 1.441064942628145218e-02 2.579112350940704346e-02
0.000000000000000000e+00 0.000000000000000000e+00 0.000000000000000000e+00 1.000000000000000000e+00

Reprojection error
2.0072572231292725

Matrix Virtual->Tracker
2.945114858448505402e-03 9.979237914085388184e-01 -6.434942036867141724e-02 -5.778615474700927734e-01
1.932099163532257080e-01 4.155995789915323257e-03 -1.148967742919921875e+00 -2.016332864761352539e+00
-9.998885989189147949e-01 3.877965034916996956e-03 1.441064942628145218e-02 2.579112350940704346e-02
0.000000000000000000e+00 0.000000000000000000e+00 0.000000000000000000e+00 1.000000000000000000e+00

POINTS THAT WERE MATCHED

Virtual points. Already transformed into Right Hand KOS 
-6.024380000000000290e-01 4.865579999999999905e-01 -3.719919999999999893e-01
-5.224379999999999580e-01 4.865579999999999905e-01 -3.719919999999999893e-01
-5.224379999999999580e-01 4.865579999999999905e-01 -4.019920000000000160e-01
-6.024380000000000290e-01 4.865579999999999905e-01 -4.019920000000000160e-01
-6.024380000000000290e-01 5.148580000000000378e-01 -3.719919999999999893e-01
-5.224379999999999580e-01 5.148580000000000378e-01 -3.719919999999999893e-01
-5.224379999999999580e-01 5.148580000000000378e-01 -4.019920000000000160e-01
-6.024380000000000290e-01 5.148580000000000378e-01 -4.019920000000000160e-01
-5.774380000000000068e-01 5.450279999999999569e-01 -3.719919999999999893e-01
-5.474379999999999802e-01 5.450279999999999569e-01 -3.719919999999999893e-01
-5.474379999999999802e-01 5.450279999999999569e-01 -4.019920000000000160e-01
-5.774380000000000068e-01 5.450279999999999569e-01 -4.019920000000000160e-01
-5.624379999999999935e-01 4.865579999999999905e-01 -3.719919999999999893e-01
-5.624379999999999935e-01 4.865579999999999905e-01 -4.019920000000000160e-01
-5.624379999999999935e-01 5.450279999999999569e-01 -3.719919999999999893e-01
-5.624379999999999935e-01 5.450279999999999569e-01 -4.019920000000000160e-01

Real points
3.667232814766160365e-01 -1.620638802762460473e-01 -2.114562176916308101e+00
3.669587151149007465e-01 -8.223003084346156011e-02 -2.119710094528844291e+00
3.969553742342518676e-01 -8.234637006294198702e-02 -2.120142421793145271e+00
3.967199405959672132e-01 -1.621802194957264742e-01 -2.114994504180609081e+00
3.664014099775746991e-01 -1.634784669425684844e-01 -2.136514291696018031e+00
3.666368436158594091e-01 -8.364461750978402499e-02 -2.141662209308554665e+00
3.966335027352105302e-01 -8.376095672926445190e-02 -2.142094536572855201e+00
3.963980690969258758e-01 -1.635948061620489113e-01 -2.136946618960319011e+00
3.660335801201715089e-01 -1.404703017095028095e-01 -2.168227347900110846e+00
3.661218677345282613e-01 -1.105326081722086407e-01 -2.170157817004811918e+00
3.961185268538794380e-01 -1.106489473916890537e-01 -2.170590144269112898e+00
3.960302392395226301e-01 -1.405866409289832364e-01 -2.168659675164411826e+00
3.668409982957583915e-01 -1.221469555598538037e-01 -2.117136135722576196e+00
3.968376574151095681e-01 -1.222632947793342306e-01 -2.117568462986877176e+00
3.660777239273498851e-01 -1.255014549408557112e-01 -2.169192582452461604e+00
3.960743830467010618e-01 -1.256177941603361381e-01 -2.169624909716762584e+00
