x y z i j k w. Alternatierend registrierte Pose und ideale/erwartete Pose.  Großes Kalibrierobjekt
0.1047 0.8808 0.0651 -0.0778 0.8991 -0.1667 0.3972
0.1026 -0.8791 0.0593 -0.0775 0.8990 -0.1668 0.3975
0.1792 -0.8837 -0.2704 -0.0178 0.9239 -0.1398 0.3559
0.1738 -0.8791 -0.2784 -0.0164 0.9234 -0.1428 0.3559
-0.2114 -0.8808 0.1178 -0.0600 0.9003 -0.1666 0.3572
-0.028 -0.8853 0.1092 -0.0592 0.9008 -0.1662 0.3968
0.0758 -0.8760 0.4028 -0.083 0.9675 -0.148 0.1876
0.0873 -0.8838 0.3826 -0.0827 0.9675 -0.1479 0.1877
0.4674 -0.8801 0.0168 0.0615 0.9423 -0.1467 0.2946
0.4689 -0.8908 0.062 -0.0621 0.9424 -0.1455 0.2942