x y z i j k w. Alternatierend registrierte Pose und ideale/erwartete Pose.  Kleines Kalibrierobjekt
-1.2082 -0.5683 -2.6414 -0.024 0.9867 -0.1141 0.1145
-1.1885 -0.5521 -2.6424 -0.0247 0.9868 -0.1147 0.116
-1.3471 -0.5661 -2.9691 -0.0065 0.9885 0.1135 0.0897
-1.3277 -0.5498 -2.9612 -0.0071 0.988 0.1233 0.0925
-1.4620 -0.5666 -2.489 0.1256 0.001 0.0599 0.9993
-1.4471 -0.5397 -2.5002 0.1117 -0.001 0.0570 0.9921
-0.992 -0.5658 -2.4508 0.1046 -0.0313 0.0264 0.9936
-0.9863 -0.5293 -2.4571 0.1126 -0.0313 0.026 0.9928
-0.9366 -0.5663 -2.8736 0.1188 -0.0300 0.0876 0.9886
-0.9175 -0.5263 -2.8761 0.1014 -0.0488 0.0981 0.9888