Points collected in real world
2.338076035241294093e-01 -8.988905562646432035e-01 -1.543859246604773361e+00 1.000000000000000000e+00
9.933554813632186620e-02 -8.984539900171744087e-01 -1.630560317703635853e+00 1.000000000000000000e+00
4.515717467274982244e-02 -8.969102297247232292e-01 -1.546522703190840620e+00 1.000000000000000000e+00
1.796292300605573655e-01 -8.973467959721921350e-01 -1.459821632091978127e+00 1.000000000000000000e+00
2.344471047374650230e-01 -8.388979296529819329e-01 -1.544549022243604686e+00 1.000000000000000000e+00
9.997504934965747991e-02 -8.384613634055130271e-01 -1.631250093342467178e+00 1.000000000000000000e+00
4.579667588608543616e-02 -8.369176031130618476e-01 -1.547212478829671944e+00 1.000000000000000000e+00
1.802687312738929792e-01 -8.373541693605307534e-01 -1.460511407730809452e+00 1.000000000000000000e+00
1.805319419243929802e-01 -7.717288082319258002e-01 -1.580541581840879228e+00 1.000000000000000000e+00
1.553184315391790693e-01 -7.716469520605254706e-01 -1.596798032671916001e+00 1.000000000000000000e+00
1.011400580756070117e-01 -7.701031917680742911e-01 -1.512760418159120768e+00 1.000000000000000000e+00
1.263535684608209086e-01 -7.701850479394746207e-01 -1.496503967328083995e+00 1.000000000000000000e+00
1.665715758302256377e-01 -8.986722731409088061e-01 -1.587209782154204607e+00 1.000000000000000000e+00
1.123932023666535940e-01 -8.971285128484576266e-01 -1.503172167641409374e+00 1.000000000000000000e+00
1.679251867317860247e-01 -7.716878801462255799e-01 -1.588669807256397615e+00 1.000000000000000000e+00
1.137468132682139671e-01 -7.701441198537745114e-01 -1.504632192743602381e+00 1.000000000000000000e+00
