Points collected in real world
2.284293179481585168e-01 -8.997755106662068680e-01 -1.622587796871731491e+00 1.000000000000000000e+00
1.174416048024494452e-01 -8.990140503890994284e-01 -1.737831658786074707e+00 1.000000000000000000e+00
4.543359554406023459e-02 -8.970590688696457038e-01 -1.668470108559004794e+00 1.000000000000000000e+00
1.564213086897693061e-01 -8.978205291467532545e-01 -1.553226246644661801e+00 1.000000000000000000e+00
2.294722517688942420e-01 -8.397876572325410072e-01 -1.623195850706990795e+00 1.000000000000000000e+00
1.184845386231851705e-01 -8.390261969554334565e-01 -1.738439712621333788e+00 1.000000000000000000e+00
4.647652936479597374e-02 -8.370712154359797319e-01 -1.669078162394264098e+00 1.000000000000000000e+00
1.574642425105050592e-01 -8.378326757130872826e-01 -1.553834300479920882e+00 1.000000000000000000e+00
1.855481027366048252e-01 -7.724918776607057058e-01 -1.670692663059065275e+00 1.000000000000000000e+00
1.647379065217843830e-01 -7.723491038587479984e-01 -1.692300887168004531e+00 1.000000000000000000e+00
9.272989726339518624e-02 -7.703941223392942739e-01 -1.622939336940934840e+00 1.000000000000000000e+00
1.135400934782156424e-01 -7.705368961412519813e-01 -1.601331112831995585e+00 1.000000000000000000e+00
1.729354613753039671e-01 -8.993947805276532037e-01 -1.680209727828903210e+00 1.000000000000000000e+00
1.009274521169147842e-01 -8.974397990081994791e-01 -1.610848177601833298e+00 1.000000000000000000e+00
1.751430046291946041e-01 -7.724204907597268521e-01 -1.681496775113535014e+00 1.000000000000000000e+00
1.031349953708054212e-01 -7.704655092402731276e-01 -1.612135224886465101e+00 1.000000000000000000e+00
