dVal1,dVal2,dVal3,dStd1,dStd2,dStd3,dStdTotal,dCovar12,dCovar13,dCovar23,dPointingErrorH,dPointingErrorV,dPointingErrorD,dAprioriStd1,dAprioriStd2,dAprioriStd3,dAprioriStdTotal,dAprioriCovar12,dAprioriCovar13,dAprioriCovar23,dTemperature,dPressure,dHumidity,
-1062.5966,-2380.0849,-781.6322,0.00455313,0.00287162,0.00183143,0.00568606,-6.96141e-06,2.39667e-07,5.36825e-07,0.000276684,0.000147667,0.0154095,0.0124467,0.00974481,0.0132541,0.020629,-3.34333e-05,-1.28469e-05,-2.87755e-05,28.7,998.1,39.1,
-1171.4894,-2321.2729,-781.5752,0.00158027,0.00100512,0.00192178,0.00268342,-1.00692e-06,-4.75108e-07,-9.41412e-07,6.58938e-05,0.000157671,0.00817296,0.0122851,0.00989858,0.0132233,0.0205855,-3.58499e-05,-1.41389e-05,-2.80159e-05,28.7,998.1,39.1,
-1121.2930,-2489.0671,-780.4155,0.0011019,0.000652177,0.00165007,0.0020886,-4.45842e-07,-3.1944e-07,-7.09099e-07,4.22226e-05,9.24803e-05,0.00513631,0.0129944,0.0100129,0.0138506,0.0214698,-3.87694e-05,-1.39434e-05,-3.09519e-05,28.7,998.1,39.1,
-1062.5759,-2380.1050,-781.6105,0.00518066,0.00301729,0.00250593,0.00649792,-9.88862e-06,-2.13615e-07,-4.78485e-07,0.000417534,0.000134664,0.0218998,0.0124468,0.00974477,0.0132542,0.020629,-3.34333e-05,-1.28463e-05,-2.87749e-05,28.7,998.1,39.1,
-1199.1935,-2446.2522,-684.1159,0.00201874,0.00272334,0.00313124,0.00461482,2.15607e-06,-1.57037e-07,-3.20341e-07,0.000123946,0.000217757,0.0134577,0.0128481,0.0100163,0.0137787,0.0213366,-4.1781e-05,-1.29777e-05,-2.64734e-05,28.7,998,39.1,
-1178.8060,-2514.8212,-756.5128,0.00292145,0.00168984,0.00179852,0.00382428,-3.41175e-06,-2.47039e-07,-5.27024e-07,2.70905e-05,0.000116547,0.00638686,0.0131561,0.0101437,0.0140696,0.02177,-4.21645e-05,-1.43381e-05,-3.05884e-05,28.7,998,39.2,
-1298.8835,-2463.7312,-695.4530,0.00451752,0.00242797,0.00202634,0.00551445,-1.05965e-05,-4.71623e-07,-8.94579e-07,0.000195247,0.000200793,0.0140322,0.0130184,0.0102941,0.0140803,0.0217647,-4.63715e-05,-1.44976e-05,-2.74992e-05,28.7,998.1,39.2,
-1199.1875,-2446.2496,-684.0835,0.00195032,0.00123701,0.00164211,0.00283381,-1.46709e-06,-2.22422e-07,-4.53724e-07,8.8071e-05,0.000142718,0.00839212,0.0128481,0.0100162,0.0137786,0.0213366,-4.1781e-05,-1.2977e-05,-2.6472e-05,28.7,998.2,39.1,
-1065.4092,-2561.8580,-781.3616,0.00536986,0.00307088,0.0076387,0.00982932,-9.75765e-06,-6.22235e-06,-1.49621e-05,0.000276958,0.000525997,0.0300605,0.0132831,0.00999268,0.0140675,0.0217758,-3.85106e-05,-1.33962e-05,-3.22121e-05,28.8,998.2,38.9,
-1162.8634,-2485.5380,-781.4735,0.00254902,0.00149301,0.00249114,0.00386424,-2.55658e-06,-6.79353e-07,-1.45207e-06,0.000116619,0.000195058,0.0113452,0.0130146,0.0101006,0.0139197,0.0215676,-4.03435e-05,-1.45268e-05,-3.105e-05,28.8,998.2,38.9,
-1141.6391,-2659.3270,-780.1006,0.0127285,0.00606007,0.00568018,0.0151988,-6.59391e-05,-2.7345e-06,-6.36972e-06,0.000354001,0.00033366,0.0260692,0.0137937,0.0102788,0.0146481,0.0225939,-4.45315e-05,-1.46809e-05,-3.41975e-05,28.8,998.3,38.9,
-1065.4319,-2561.8842,-781.3541,0.00320302,0.00178178,0.00305936,0.00477427,-3.56247e-06,-9.00436e-07,-2.16514e-06,0.000118947,0.000178497,0.0108664,0.0132832,0.00999275,0.0140676,0.0217761,-3.85123e-05,-1.33964e-05,-3.22124e-05,28.9,998.2,39,
-1218.6423,-2562.8597,-683.7051,0.00211598,0.00113089,0.00243604,0.00341915,-1.96521e-06,-6.13957e-07,-1.29118e-06,8.57686e-05,0.000262795,0.0140835,0.013394,0.0102137,0.0143331,0.0221168,-4.61303e-05,-1.35154e-05,-2.84236e-05,28.9,998.3,38.9,
-1156.8443,-2617.4323,-743.3584,0.00147719,0.000843692,0.00229334,0.0028554,-8.07578e-07,-5.52288e-07,-1.24959e-06,9.85612e-05,0.000196159,0.0113284,0.0136054,0.0102115,0.0144745,0.0223359,-4.43991e-05,-1.40601e-05,-3.18119e-05,28.9,998.3,39,
-1292.5791,-2631.6865,-697.1852,0.00245233,0.00162216,0.00513302,0.0059155,-2.18958e-06,-2.75467e-06,-5.6085e-06,8.09053e-05,0.000223727,0.0125137,0.0137712,0.0104962,0.0147996,0.0227781,-5.14459e-05,-1.49029e-05,-3.03422e-05,28.9,998.3,38.9,
-1218.6773,-2562.9285,-683.6657,0.00300264,0.00173116,0.00424336,0.00547894,-3.69819e-06,-1.8415e-06,-3.87274e-06,0.000151437,0.000226906,0.0138985,0.0133943,0.0102138,0.0143334,0.0221173,-4.61343e-05,-1.35152e-05,-2.84231e-05,28.9,998.4,38.9,
-1133.9182,-1791.6906,-778.3952,0.00095743,0.000811607,0.00122734,0.00175549,-2.72344e-07,-2.31439e-07,-3.65694e-07,1.83617e-05,7.71652e-05,0.0032762,0.0109109,0.00954671,0.01204,0.0188454,-2.94629e-05,-1.64431e-05,-2.59815e-05,28.9,998.5,38.9,
-1241.6270,-1853.5775,-779.0111,0.00287852,0.0023323,0.00220247,0.00431003,-3.45836e-06,-3.82392e-07,-5.70858e-07,0.000241402,0.000218873,0.0159063,0.0109022,0.00968403,0.012089,0.0189416,-3.04712e-05,-1.6106e-05,-2.4044e-05,28.9,998.5,38.9,
-1072.5394,-1899.0044,-784.2810,0.00885373,0.00516575,0.00257177,0.0105682,-4.28798e-05,-8.4232e-07,-1.49138e-06,0.0004457,0.000227513,0.0204134,0.0110716,0.00942834,0.0120623,0.0188937,-2.79371e-05,-1.4702e-05,-2.60309e-05,28.9,998.5,38.9,
-1134.2582,-1791.8928,-778.5035,0.00140387,0.00121034,0.000895429,0.00205853,-5.34366e-07,7.372e-08,1.16462e-07,6.84405e-05,7.91283e-05,0.00504391,0.0109108,0.0095472,0.0120401,0.0188456,-2.9463e-05,-1.64437e-05,-2.59776e-05,28.9,998.6,38.9,
-1211.7011,-1954.7092,-676.4399,0.00397094,0.00327363,0.00861706,0.0100369,-5.0858e-06,-1.13135e-05,-1.82509e-05,0.000344097,0.000543202,0.0270395,0.0111211,0.00956158,0.0122025,0.0190789,-3.24729e-05,-1.31654e-05,-2.12384e-05,28.9,998.5,38.9,
-1115.6935,-1979.8841,-699.0431,0.00259238,0.0014992,0.00132597,0.00327509,-3.69332e-06,-2.65505e-07,-4.71158e-07,0.000160147,8.51716e-05,0.0075272,0.0112067,0.00941921,0.0121753,0.0190407,-3.04425e-05,-1.27879e-05,-2.26932e-05,28.9,998.5,39,
-1245.0427,-2037.2408,-725.8583,0.0185553,0.0281713,0.0110429,0.0354946,0.000438303,0.000164118,0.000268544,0.000343727,0.000273875,0.0436083,0.0111419,0.00961536,0.0121905,0.0191103,-3.09086e-05,-1.31083e-05,-2.14489e-05,28.9,998.6,39.1,
-1211.6800,-1954.7103,-676.4423,0.00240825,0.00159424,0.00235077,0.00372389,-3.27989e-06,-8.51212e-07,-1.37319e-06,4.382e-05,0.00021377,0.00912987,0.0111211,0.00956154,0.0122025,0.0190789,-3.24726e-05,-1.31654e-05,-2.12387e-05,28.9,998.6,39.1,
-803.7585,-2128.6871,-741.4309,0.00642759,0.00402362,0.00711471,0.0103982,-1.10639e-05,-4.97173e-06,-1.31672e-05,0.000306687,0.000312111,0.0211241,0.0115196,0.00901558,0.0121401,0.0190096,-2.26443e-05,-9.61341e-06,-2.54603e-05,28.9,998.6,38.7,
-878.4016,-2030.6927,-755.8751,0.0268041,0.0570334,0.0696429,0.0939223,0.0013486,-0.000155699,-0.000359945,0.000657249,0.0025657,0.133535,0.011371,0.00911913,0.0121029,0.0189456,-2.45527e-05,-1.13541e-05,-2.62484e-05,28.9,998.6,38.7,
-897.3202,-2204.2489,-770.6579,0.00352813,0.00451358,0.00233554,0.00618667,3.86686e-06,2.24943e-06,5.52567e-06,0.000144094,0.000133191,0.0110874,0.0114925,0.00917319,0.01216,0.0190811,-2.33871e-05,-9.98953e-06,-2.45391e-05,28.9,998.7,38.7,
-803.7854,-2128.6451,-741.4231,0.00256129,0.0026229,0.00329435,0.00492875,1.40652e-07,-5.04832e-07,-1.33693e-06,9.67351e-05,0.000240454,0.0130024,0.0115196,0.0090156,0.0121401,0.0190096,-2.26453e-05,-9.61394e-06,-2.54604e-05,28.9,998.7,38.7,
-1004.2775,-2087.0085,-678.8497,0.00165243,0.000904585,0.00135405,0.00231997,-1.19746e-06,-2.21268e-07,-4.59821e-07,5.93998e-05,0.000145423,0.00661699,0.0114143,0.00922761,0.0122055,0.0190895,-2.82658e-05,-1.07652e-05,-2.23714e-05,28.9,998.7,38.8,
-908.6942,-2111.4661,-704.5889,0.00112059,0.000702559,0.0015349,0.00202614,-4.02553e-07,-2.72225e-07,-6.32548e-07,0.000121238,0.00013915,0.00774435,0.0114788,0.00911423,0.0121793,0.0190569,-2.57191e-05,-1.02084e-05,-2.37204e-05,28.9,998.8,38.8,
-1038.5333,-2169.6110,-727.4913,0.00307047,0.00190741,0.00240505,0.00434169,-3.59501e-06,-5.55793e-07,-1.16111e-06,0.000165335,0.000190698,0.0112814,0.0114659,0.00933451,0.0122556,0.0192041,-2.7529e-05,-1.09585e-05,-2.28935e-05,28.9,998.8,38.8,
-1004.2711,-2087.0480,-678.8187,0.00155341,0.00113578,0.00175716,0.00260589,-7.03265e-07,-2.96963e-07,-6.17139e-07,0.000132196,0.00014719,0.00844024,0.0114144,0.00922758,0.0122055,0.0190895,-2.8266e-05,-1.07644e-05,-2.23702e-05,28.9,998.8,38.8,
-821.8352,-2466.3136,-742.1055,0.00757563,0.0107518,0.0139514,0.0191737,2.18202e-05,-7.05147e-06,-2.11613e-05,0.000274052,0.0004996,0.0333226,0.0126464,0.00936546,0.0132001,0.0205399,-2.70715e-05,-9.38821e-06,-2.81739e-05,28.9,998.9,39.3,
-861.8981,-2350.1732,-757.1802,0.00377297,0.0022955,0.00496106,0.00664204,-3.79913e-06,-2.37712e-06,-6.48178e-06,0.000127419,0.000299171,0.0151443,0.012133,0.00929647,0.0127431,0.0199002,-2.57561e-05,-9.79088e-06,-2.66972e-05,28.9,998.9,39.3,
-934.6281,-2509.0881,-770.0355,0.00615833,0.00757522,0.00515223,0.0110388,8.41617e-06,3.71811e-06,9.98159e-06,0.000328234,0.000331511,0.0285283,0.0129341,0.0096548,0.0135913,0.0211005,-3.20389e-05,-1.13208e-05,-3.03918e-05,28.9,998.9,39.3,
-821.8557,-2466.2746,-742.0757,0.00280235,0.00187532,0.00138593,0.00364565,-1.62554e-06,1.03591e-07,3.10862e-07,5.00154e-05,0.000162664,0.00846048,0.0126463,0.0093654,0.0132,0.0205397,-2.70716e-05,-9.38797e-06,-2.8172e-05,28.9,998.9,38.9,
-1024.2059,-2401.3947,-689.6275,0.00108768,0.000718695,0.00066436,0.0014632,-3.4749e-07,-8.13891e-09,-1.90828e-08,7.22075e-05,0.000127805,0.00696047,0.0124936,0.0095793,0.0132275,0.0205626,-3.35358e-05,-1.08629e-05,-2.54695e-05,29,999,38.8,
-922.8225,-2395.5101,-697.5798,0.00317313,0.00159593,0.00245196,0.004316,-3.40256e-06,-5.03717e-07,-1.30757e-06,0.000188848,0.000229297,0.0139231,0.0123844,0.00938545,0.0130199,0.0202726,-2.95337e-05,-9.78867e-06,-2.54099e-05,29,999,38.8,
-1025.1503,-2477.7621,-756.9762,0.00482047,0.00283952,0.00726698,0.00917108,-7.57478e-06,-5.61498e-06,-1.35713e-05,0.000162802,0.000298988,0.0166352,0.0128576,0.00976784,0.0136039,0.0211139,-3.4897e-05,-1.22074e-05,-2.9505e-05,29,999,38.8,
-1024.1827,-2401.4206,-689.6052,0.00352575,0.00167398,0.00207404,0.00441981,-5.01959e-06,-4.05513e-07,-9.50815e-07,2.60629e-05,9.12848e-05,0.00455425,0.0124937,0.00957926,0.0132276,0.0205627,-3.35358e-05,-1.08623e-05,-2.5469e-05,29,999,38.8,
-1263.6859,-2035.2758,-782.1990,0.00537934,0.00444984,0.00210498,0.00729173,-9.23144e-06,1.85807e-06,2.99258e-06,0.000223394,0.00012787,0.0134551,0.0111587,0.00971014,0.0122426,0.0192011,-3.05444e-05,-1.43732e-05,-2.31493e-05,28.9,999.1,39.1,
-1386.5207,-2050.7952,-781.1444,0.00667879,0.00661616,0.00272301,0.00978747,-1.03699e-06,6.99887e-06,1.0352e-05,0.000353893,0.000120317,0.0255947,0.011372,0.0100478,0.0126238,0.0197393,-3.53237e-05,-1.61508e-05,-2.38886e-05,28.9,999.1,39,
-1247.9786,-2157.9526,-781.4295,0.00174797,0.00144046,0.00270493,0.00352803,-8.51951e-07,-9.97982e-07,-1.72567e-06,4.92117e-05,0.000191921,0.00929732,0.0116549,0.00984845,0.012707,0.0198569,-3.37524e-05,-1.4618e-05,-2.52768e-05,28.9,999.1,39,
-1263.7204,-2035.3049,-782.2164,0.00204659,0.00201568,0.00156978,0.00327348,-1.26902e-07,2.93016e-07,4.71922e-07,9.61929e-05,0.000168236,0.00922289,0.0111589,0.00971029,0.0122428,0.0192014,-3.05462e-05,-1.43742e-05,-2.31505e-05,28.9,999.1,39,
-1394.7450,-2165.8261,-672.7245,0.00457239,0.00374985,0.00263167,0.00647254,-7.53176e-06,3.46774e-07,5.38488e-07,0.000306335,0.000160548,0.0172993,0.0118161,0.0101255,0.0130511,0.0203095,-4.08135e-05,-1.42767e-05,-2.21695e-05,28.9,999.1,38.9,
-1320.0892,-2227.7989,-704.2355,0.00188817,0.00121498,0.00199518,0.00300368,-1.90766e-06,-5.44182e-07,-9.18368e-07,8.29244e-05,0.000135001,0.00751948,0.0120079,0.0100421,0.013132,0.0204324,-3.9582e-05,-1.42313e-05,-2.40169e-05,28.9,999.1,39,
-1462.9406,-2222.3377,-722.9247,0.00298461,0.00292769,0.00394846,0.00575061,-3.90932e-07,-1.17373e-06,-1.783e-06,0.000155141,0.000227177,0.0143366,0.0121452,0.0104389,0.0134863,0.0209369,-4.4766e-05,-1.65143e-05,-2.50867e-05,28.9,999.1,39,
-1394.7321,-2165.8327,-672.7265,0.00357765,0.00353467,0.0102087,0.0113803,-3.36338e-07,-1.39508e-05,-2.16638e-05,0.000189558,0.000443512,0.022914,0.0118161,0.0101255,0.0130511,0.0203095,-4.08132e-05,-1.42766e-05,-2.21697e-05,28.9,999.1,39,
-1238.2458,-2323.4691,-783.1791,0.00145586,0.00129306,0.00321629,0.0037598,-3.33115e-07,-1.35834e-06,-2.54881e-06,0.000108767,0.000219013,0.0118083,0.0123615,0.010058,0.0133819,0.0208098,-3.84407e-05,-1.51026e-05,-2.83388e-05,28.9,999.2,39,
-1361.9276,-2324.3693,-781.9608,0.00312647,0.00190045,0.00182435,0.00408837,-5.49914e-06,-4.70895e-07,-8.03665e-07,0.000166152,0.000166779,0.0115259,0.0124912,0.0103649,0.013677,0.0212255,-4.33631e-05,-1.68313e-05,-2.87256e-05,28.9,999.2,39,
-1237.0270,-2447.2248,-782.3251,0.00634762,0.00413775,0.00505046,0.00910606,-1.57325e-05,-2.28922e-06,-4.5288e-06,0.000397141,0.000244026,0.0239569,0.0129089,0.0102209,0.0139104,0.0215547,-4.22136e-05,-1.54641e-05,-3.05928e-05,28.9,999.2,39,
-1238.0545,-2323.4960,-783.1469,0.00359973,0.00249509,0.00187626,0.00476486,-5.00977e-06,5.48435e-09,1.02927e-08,0.000169955,0.000158523,0.011584,0.0123615,0.0100575,0.0133816,0.0208093,-3.84345e-05,-1.50994e-05,-2.83375e-05,28.9,999.2,39,
-1385.7248,-2428.9833,-679.8262,0.00432809,0.00275332,0.00383104,0.00640234,-9.43156e-06,-1.5974e-06,-2.80002e-06,0.000133857,0.000211581,0.012839,0.0129411,0.0104583,0.014129,0.0218284,-4.91359e-05,-1.51441e-05,-2.65454e-05,28.9,999.2,39.1,
-1293.7721,-2462.8826,-708.2075,0.00324651,0.00197007,0.00268698,0.00465197,-4.8309e-06,-7.43882e-07,-1.41609e-06,0.000173824,0.000203431,0.013545,0.013013,0.0102939,0.0140705,0.021755,-4.59786e-05,-1.47057e-05,-2.79944e-05,28.9,999.2,39,
-1427.9278,-2515.4556,-713.3022,0.00209243,0.00179271,0.00259062,0.00378198,-9.75281e-07,-5.25124e-07,-9.25065e-07,0.000139505,0.000203916,0.0132857,0.0133706,0.010717,0.0146125,0.02252,-5.35353e-05,-1.67294e-05,-2.94708e-05,28.9,999.3,39,
-1385.7028,-2429.0544,-679.7689,0.00197066,0.0014055,0.0030379,0.0038843,-1.61365e-06,-1.04636e-06,-1.83421e-06,0.000101821,0.000255681,0.0139802,0.0129414,0.0104583,0.0141293,0.0218287,-4.9138e-05,-1.51427e-05,-2.65442e-05,28.9,999.3,39,
-1147.4053,-1792.8050,-522.3835,0.00359973,0.00353637,0.00213544,0.00547942,-4.90111e-07,1.0744e-06,1.67873e-06,6.20062e-05,0.00024201,0.0132691,0.0111151,0.00944471,0.0122791,0.0190663,-3.72298e-05,-1.20222e-05,-1.87846e-05,28.5,999.4,40.6,
-1253.0553,-1857.2264,-524.4501,0.00574694,0.00466917,0.00325172,0.00808716,-1.39029e-05,2.55877e-07,3.7925e-07,0.000288765,0.000160702,0.0145908,0.0110784,0.00960889,0.0123027,0.019142,-3.76491e-05,-1.16942e-05,-1.73327e-05,28.5,999.4,40.6,
-1082.7956,-1898.2720,-521.4945,0.00205516,0.00240807,0.00301877,0.00437441,1.33178e-06,-3.20264e-07,-5.61461e-07,0.000133514,0.000303078,0.0146396,0.0113035,0.00928268,0.012293,0.0191064,-3.51737e-05,-1.06582e-05,-1.86852e-05,28.5,999.4,40.7,
-1147.3415,-1792.7523,-522.3712,0.00574611,0.00783311,0.00275378,0.0100975,3.07195e-05,1.03376e-05,1.61528e-05,0.000109669,0.000134951,0.018489,0.0111152,0.00944461,0.0122791,0.0190663,-3.72299e-05,-1.20223e-05,-1.87852e-05,28.5,999.4,40.7,
-1215.0519,-1975.6456,-412.3149,0.000783711,0.000547309,0.00184974,0.00208213,-3.11244e-07,-3.18639e-07,-5.18099e-07,6.36123e-05,0.000121805,0.00564985,0.0113138,0.00945692,0.0123854,0.019257,-3.81494e-05,-8.4075e-06,-1.36704e-05,28.6,999.5,40.5,
-1125.0095,-2010.5971,-444.5575,0.00143118,0.000986522,0.00200035,0.00265007,-8.75709e-07,-3.44298e-07,-6.15323e-07,0.000167721,0.000132078,0.00878381,0.0114249,0.00929499,0.0123653,0.0192308,-3.59474e-05,-8.47666e-06,-1.51493e-05,28.6,999.5,40.4,
-1262.6057,-2039.9427,-475.5384,0.00522263,0.00384984,0.0053497,0.00840931,-1.24956e-05,-2.33809e-06,-3.77756e-06,0.00023871,0.000346722,0.0185075,0.0112977,0.00954336,0.0123611,0.0192746,-3.6683e-05,-9.16753e-06,-1.48116e-05,28.6,999.5,40.4,
-1215.0603,-1975.6457,-412.3129,0.00264061,0.00291769,0.0020459,0.00443525,1.5234e-06,5.06232e-07,8.23116e-07,0.000245244,0.000191457,0.0138768,0.0113137,0.00945694,0.0123854,0.019257,-3.81495e-05,-8.40748e-06,-1.36703e-05,28.6,999.4,40.3,
-1110.2749,-2156.6076,-523.0235,0.00735365,0.00482326,0.00218643,0.00906203,-2.15835e-05,7.63039e-07,1.48213e-06,0.000288162,0.000169485,0.0155642,0.0115161,0.00929248,0.0123379,0.0192664,-3.24123e-05,-8.54582e-06,-1.65995e-05,28.6,999.4,40.7,
-1213.1632,-2225.4409,-524.7260,0.0229895,0.0216454,0.00629874,0.032198,-4.65352e-05,4.17703e-05,7.6624e-05,0.00107307,0.00031656,0.07074,0.0118444,0.00960402,0.0127826,0.0198978,-3.72717e-05,-9.47018e-06,-1.73722e-05,28.6,999.4,40.8,
-1041.4613,-2259.3057,-521.8345,0.00693531,0.00966343,0.00427441,0.0126393,2.65064e-05,8.02145e-06,1.74014e-05,0.000333124,0.00028919,0.0328067,0.0118334,0.00924973,0.0125517,0.0195738,-3.1885e-05,-7.96231e-06,-1.72731e-05,28.6,999.4,40.8,
-1110.3758,-2156.6364,-523.0533,0.00399166,0.00373695,0.00255906,0.00603714,-1.37914e-06,6.9419e-07,1.3483e-06,0.000290094,0.000241933,0.0186516,0.0115161,0.00929266,0.0123379,0.0192665,-3.24129e-05,-8.54641e-06,-1.65993e-05,28.6,999.4,40.8,
-1164.3143,-2353.6201,-415.6251,0.00381247,0.00198869,0.00314042,0.00532466,-6.92966e-06,-6.72018e-07,-1.35846e-06,0.000235858,0.000247814,0.0159381,0.0123541,0.00957369,0.0131936,0.0204537,-3.99331e-05,-7.35487e-06,-1.48676e-05,28.6,999.5,40.4,
-1068.4603,-2341.6810,-447.9035,0.00211267,0.00170114,0.00259888,0.00375652,-9.04428e-07,-3.18299e-07,-6.97597e-07,0.000101769,0.000225521,0.0116059,0.012222,0.00935836,0.0129474,0.0201145,-3.56117e-05,-7.1739e-06,-1.57226e-05,28.6,999.5,40.4,
-1175.8160,-2432.3889,-479.2919,0.00454616,0.00255703,0.00616872,0.00807831,-8.91273e-06,-2.85578e-06,-5.9077e-06,0.00033962,0.000417554,0.0258902,0.0127299,0.00975003,0.0135884,0.021018,-4.22556e-05,-8.76971e-06,-1.81417e-05,28.6,999.5,40.4,
-1164.3756,-2353.8596,-415.6651,0.00275734,0.00148551,0.00201186,0.00372253,-3.5341e-06,-2.5835e-07,-5.22271e-07,9.1506e-05,0.000107955,0.00660456,0.0123553,0.00957418,0.0131948,0.0204553,-3.99422e-05,-7.35649e-06,-1.48716e-05,28.6,999.5,40.5,
-978.8672,-2566.8052,-523.8003,0.00772142,0.00770797,0.00513698,0.0120591,-9.26093e-08,2.32587e-06,6.09895e-06,0.000438614,0.000303131,0.030493,0.013207,0.00952607,0.0138275,0.0213628,-3.73427e-05,-8.08643e-06,-2.12044e-05,28.6,999.5,41,
-1066.2723,-2478.8816,-525.4878,0.142315,0.30319,0.639944,0.722292,0.0378275,-0.0241006,-0.0560294,0.00288455,0.0320992,1.63212,0.012861,0.0095977,0.0135884,0.0210278,-3.86823e-05,-8.73129e-06,-2.02986e-05,28.6,999.5,41,
-1066.6559,-2654.1699,-520.4980,0.0435512,0.0847684,0.0710488,0.118871,0.00253494,0.000221509,0.000551184,0.00100023,0.00210361,0.143256,0.0136781,0.00981851,0.0143857,0.0221459,-4.34657e-05,-8.98344e-06,-2.23536e-05,28.6,999.5,41,
-978.8849,-2566.7906,-523.7787,0.00178835,0.000879756,0.00159995,0.00255578,-1.08187e-06,-1.54997e-07,-4.06428e-07,9.31453e-05,9.24447e-05,0.00661886,0.013207,0.00952607,0.0138274,0.0213628,-3.73432e-05,-8.08622e-06,-2.12034e-05,28.6,999.5,40.9,
-1144.3644,-2558.0266,-417.4547,0.00272928,0.00167299,0.00241242,0.00400844,-2.60077e-06,-2.60323e-07,-5.81907e-07,0.00018222,0.000134926,0.0113781,0.0132747,0.00978987,0.0140681,0.0216788,-4.49532e-05,-7.60113e-06,-1.6991e-05,28.6,999.5,40.8,
-1069.2576,-2585.2949,-480.5660,0.00341672,0.001896,0.00301152,0.00493336,-4.031e-06,-4.83103e-07,-1.16807e-06,0.000177104,0.000201826,0.0134658,0.0133531,0.00970178,0.0140631,0.0216841,-4.20011e-05,-8.18639e-06,-1.97934e-05,28.6,999.5,40.9,
-1200.6545,-2636.0903,-450.3807,0.00851025,0.00527283,0.0107964,0.0147237,-2.56434e-05,-6.6334e-06,-1.45639e-05,0.000335495,0.000426374,0.0327304,0.0136817,0.0100471,0.0145443,0.0223533,-4.95638e-05,-8.79488e-06,-1.93096e-05,28.6,999.6,40.8,
-1144.3486,-2557.9833,-417.4035,0.00238541,0.00251115,0.00231021,0.00416331,3.44358e-07,6.98479e-08,1.56132e-07,0.000184538,0.000166137,0.0131145,0.0132744,0.00978975,0.0140678,0.0216784,-4.49516e-05,-7.6e-06,-1.69884e-05,28.6,999.6,40.8,
-925.5624,-2245.2175,-525.1100,0.0181728,0.0103873,0.00397839,0.0213067,-0.000110429,4.02398e-06,9.76132e-06,0.000836412,0.000261013,0.0404801,0.0117354,0.00901661,0.0123372,0.0192672,-2.80205e-05,-7.12854e-06,-1.72923e-05,28.6,999.5,41.2,
-836.4937,-2159.2651,-529.1582,0.00478491,0.00215313,0.00422609,0.00673729,-8.32268e-06,-1.43257e-06,-3.69793e-06,0.000270571,0.000369763,0.0190717,0.0117476,0.00886565,0.0123145,0.0191899,-2.70775e-05,-7.27583e-06,-1.87813e-05,28.6,999.5,41.2,
-1011.4933,-2156.2901,-522.1858,0.0253886,0.0142133,0.0109021,0.0310718,-0.000266171,-4.07827e-06,-8.69401e-06,0.00218945,0.00046814,0.0969885,0.0116032,0.00913315,0.012331,0.019238,-3.08048e-05,-8.1272e-06,-1.73255e-05,28.6,999.5,41.2,
-925.5231,-2245.1866,-525.1019,0.00368765,0.00164136,0.00313688,0.00511204,-5.41545e-06,-8.10752e-07,-1.96677e-06,0.000319745,0.000215876,0.0167297,0.0117354,0.00901654,0.0123372,0.0192672,-2.80202e-05,-7.12846e-06,-1.72926e-05,28.6,999.5,41.2,
-890.8053,-2053.0009,-418.7921,0.00390277,0.00215233,0.00787939,0.00905257,-5.66568e-06,-4.62458e-06,-1.06581e-05,0.000238803,0.000587848,0.0252132,0.0117177,0.00885556,0.0123712,0.0192035,-3.14765e-05,-6.81468e-06,-1.57055e-05,28.5,999.4,43.1,
-830.8852,-2102.0574,-484.8928,0.00179456,0.00125158,0.00284041,0.00358536,-7.74842e-07,-5.6275e-07,-1.4237e-06,0.000112728,0.000269518,0.0118604,0.0117542,0.00880894,0.0123335,0.01918,-2.8372e-05,-7.08682e-06,-1.79289e-05,28.5,999.5,43.6,
-968.1971,-2114.5870,-443.1824,0.00431363,0.00254491,0.00678917,0.00843664,-7.02757e-06,-3.52607e-06,-7.70109e-06,0.000321004,0.000419083,0.0219783,0.01167,0.00901081,0.0123691,0.0192452,-3.18584e-05,-7.11134e-06,-1.55315e-05,28.5,999.5,43.6,
-890.8018,-2053.0138,-418.8069,0.00648531,0.00303123,0.00499943,0.00873166,-1.75707e-05,-1.80862e-06,-4.1683e-06,0.00034236,0.000365777,0.0201193,0.0117178,0.00885556,0.0123712,0.0192035,-3.1476e-05,-6.8148e-06,-1.57059e-05,28.5,999.5,43.5,
-952.6282,-2587.9870,-523.8155,0.0116433,0.00578829,0.00808336,0.0153105,-4.34568e-05,-3.25594e-06,-8.84535e-06,0.000578255,0.000365028,0.0360814,0.0132891,0.009501,0.0138799,0.0214364,-3.67582e-05,-7.89005e-06,-2.14347e-05,27.9,999.4,45.4,
-875.7513,-2491.0073,-527.7686,0.0283732,0.0322429,0.0681708,0.0805723,9.4096e-05,-0.000246828,-0.000702083,0.00248794,0.00527842,0.289098,0.0127788,0.00923402,0.0133038,0.020629,-3.13014e-05,-7.09344e-06,-2.01767e-05,27.9,999.4,45.4,
-1049.6925,-2511.2585,-521.0960,0.00253922,0.00117748,0.00191165,0.00338947,-2.56343e-06,-2.55951e-07,-6.12331e-07,8.47275e-05,0.000198041,0.0104724,0.012998,0.00959968,0.0137018,0.0211859,-3.88956e-05,-8.57222e-06,-2.0508e-05,27.9,999.4,45.4,
-952.7110,-2587.9995,-523.8231,0.00759846,0.00316886,0.00843182,0.0117845,-2.03101e-05,-4.66515e-06,-1.26727e-05,0.000200391,0.000396901,0.0217831,0.0132892,0.00950119,0.0138801,0.0214367,-3.6762e-05,-7.89092e-06,-2.14354e-05,27.9,999.4,45.4,
-943.3899,-2405.5928,-421.1838,0.0024199,0.00131246,0.00401477,0.00486794,-1.91555e-06,-9.26003e-07,-2.36126e-06,0.000144228,0.000293486,0.0150005,0.0124157,0.00915815,0.0129882,0.0201671,-3.25692e-05,-5.96631e-06,-1.52138e-05,27.7,999.7,45.3,
-897.2787,-2468.1328,-486.8716,0.00296411,0.00147716,0.00289128,0.0043963,-2.76647e-06,-4.71198e-07,-1.29612e-06,9.57634e-05,0.000137841,0.00794654,0.0126819,0.00920529,0.0132186,0.0205012,-3.18765e-05,-6.66344e-06,-1.8329e-05,27.7,999.7,45.2,
-1033.5055,-2446.2784,-445.5736,0.00654008,0.00331405,0.00293686,0.00789815,-1.63486e-05,-3.05654e-07,-7.23474e-07,0.000337451,0.000203474,0.0192613,0.0126755,0.00941688,0.0133502,0.0206778,-3.70231e-05,-7.06761e-06,-1.67288e-05,27.7,999.7,45.3,
-943.3623,-2405.5913,-421.1791,0.00891754,0.00378893,0.00822856,0.0127117,-3.01996e-05,-3.98559e-06,-1.01633e-05,0.000481411,0.00040687,0.0288569,0.0124156,0.00915809,0.0129881,0.0201671,-3.25681e-05,-5.96605e-06,-1.52135e-05,27.7,999.7,45.3,
-1184.1011,-2077.4354,-522.8523,0.00715422,0.009327,0.00269903,0.0120607,3.02332e-05,1.10235e-05,1.934e-05,0.000274487,0.000144323,0.0219103,0.01138,0.00942017,0.0123322,0.0192439,-3.4416e-05,-9.43385e-06,-1.65511e-05,27,999.7,47,
-1275.3570,-1993.8082,-524.8601,0.00351676,0.00446669,0.00446554,0.00722911,8.21035e-06,6.61307e-07,1.03384e-06,0.000155751,0.000354978,0.0226879,0.0112097,0.00959464,0.0123268,0.0192266,-3.63769e-05,-1.04512e-05,-1.63387e-05,27,999.7,47,
-1267.5944,-2168.7158,-519.1251,0.0205687,0.0334687,0.0141144,0.0417425,0.000618857,0.000139726,0.000239056,0.000569297,0.000653655,0.0719503,0.011651,0.00966082,0.0126693,0.019738,-3.76539e-05,-9.71579e-06,-1.66227e-05,27,999.7,47.1,
-1184.0354,-2077.4454,-522.8270,0.00207026,0.00144922,0.00316794,0.00405241,-1.84511e-06,-1.02188e-06,-1.79293e-06,0.000130338,0.000291664,0.0137276,0.0113801,0.00942005,0.0123323,0.0192439,-3.44155e-05,-9.43315e-06,-1.65509e-05,27,999.7,47.1,
-1343.2886,-2084.0504,-412.4372,0.00394693,0.00276454,0.00394952,0.00623054,-8.75029e-06,-1.26013e-06,-1.95504e-06,0.000250765,0.000278953,0.0167176,0.0113474,0.00967923,0.012469,0.0194404,-3.86765e-05,-8.03738e-06,-1.24696e-05,26.9,999.7,46.9,
-1297.0081,-2146.7233,-478.2476,0.00138468,0.00115167,0.0028354,0.00335904,-5.62337e-07,-7.21691e-07,-1.1945e-06,0.00016759,0.000215815,0.012347,0.0115782,0.00967876,0.0126341,0.0196813,-3.84185e-05,-9.12272e-06,-1.50993e-05,26.9,999.7,47.1,
-1433.3633,-2124.6784,-437.0101,0.00416641,0.00304445,0.00182337,0.00547287,-1.00167e-05,-7.98971e-08,-1.18432e-07,0.000188889,0.000176915,0.0121741,0.0116205,0.0100048,0.0128896,0.0200319,-4.3259e-05,-9.35292e-06,-1.38639e-05,26.9,999.7,47.1,
-1343.2905,-2084.0395,-412.4372,0.00168686,0.00112782,0.00235633,0.00310963,-1.73507e-06,-5.0037e-07,-7.76295e-07,8.74594e-05,0.000179277,0.00875061,0.0113473,0.00967922,0.012469,0.0194403,-3.86762e-05,-8.03737e-06,-1.24695e-05,26.9,999.8,47,
-1146.8794,-2485.4431,-522.8507,0.0145796,0.0114431,0.00330585,0.0188265,-4.78516e-05,8.13453e-06,1.76286e-05,0.000338998,0.000210324,0.0244861,0.0129547,0.00978594,0.0137787,0.0212942,-4.22468e-05,-9.4342e-06,-2.04452e-05,26.8,1000,47,
-1180.4195,-2366.3452,-525.2893,0.00897517,0.00492033,0.00337596,0.0107778,-3.74173e-05,-5.40261e-07,-1.08304e-06,0.000601351,0.000228643,0.0305787,0.0124416,0.00971227,0.0133223,0.0206544,-4.01545e-05,-9.5253e-06,-1.9095e-05,26.8,1000,47,
-1265.8236,-2519.1550,-518.6526,0.00375469,0.00232697,0.00273333,0.00519457,-5.83666e-06,-4.26522e-07,-8.48835e-07,0.000204872,0.000159508,0.0133886,0.0132051,0.0101155,0.0141818,0.0218591,-4.84334e-05,-1.05271e-05,-2.09503e-05,26.8,1000,47,
-1146.8170,-2485.4235,-522.8382,0.00778163,0.00453855,0.00267051,0.00939595,-2.3423e-05,2.20848e-07,4.7863e-07,0.000317682,0.000135236,0.0175868,0.0129546,0.00978575,0.0137785,0.0212939,-4.22437e-05,-9.43335e-06,-2.04443e-05,26.8,1000,46.9,
-1287.5535,-2427.2961,-420.4111,0.00400368,0.00358168,0.0117676,0.0129358,-2.36278e-06,-9.31687e-06,-1.75642e-05,0.000150484,0.000643546,0.0326499,0.0127935,0.00998291,0.0137979,0.0213006,-4.72526e-05,-8.50103e-06,-1.60261e-05,26.8,1000,46.7,
-1216.6479,-2436.0786,-492.9039,0.00164818,0.00102422,0.00308967,0.00364851,-1.10952e-06,-7.56846e-07,-1.51542e-06,9.39295e-05,0.000269368,0.0137979,0.012783,0.00986513,0.0136981,0.0211746,-4.39732e-05,-9.38856e-06,-1.87986e-05,26.8,1000,46.8,
-1351.2377,-2484.4461,-475.6102,0.00256839,0.00169827,0.00538001,0.00619881,-2.86732e-06,-2.28384e-06,-4.19917e-06,8.87028e-05,0.000302985,0.0158162,0.0131135,0.0102626,0.0142121,0.0218922,-5.1471e-05,-1.03077e-05,-1.89523e-05,26.8,1000,46.7,
-1287.5641,-2427.2924,-420.4098,0.00976521,0.00526623,0.00713803,0.0131926,-4.99186e-05,-3.64875e-06,-6.87855e-06,0.000565511,0.000461006,0.0353957,0.0127935,0.00998293,0.0137979,0.0213006,-4.72529e-05,-8.50108e-06,-1.60261e-05,26.8,1000,46.7,